  0%|                                                    | 0/22 [00:00<?, ?it/s]tensor([ 4,  4, 11,  4,  4,  4,  0,  2, 11,  4,  4,  8,  2,  0,  0,  4,  4, 11,
        13, 11,  4,  2,  4,  4,  4,  4,  4,  2,  4,  0,  4, 14,  4,  8,  4,  4,
         4,  4, 15,  8,  7,  4, 11,  2,  4,  4,  9,  9,  8,  3])
  5%|██                                          | 1/22 [00:08<03:02,  8.71s/it]tensor([ 2,  4, 11,  2,  4,  4,  9,  4,  4,  4, 11,  4, 11,  4,  4,  2,  9,  4,
         2,  4,  4,  9,  3,  0,  3, 11,  4,  8,  4,  2, 14, 13,  4,  4,  9,  4,
         4,  2,  2,  4, 11, 13,  8,  2,  4,  4,  1,  4, 13,  3])
  9%|████                                        | 2/22 [00:15<02:42,  8.13s/it]tensor([ 4,  4,  8,  8,  2,  1, 11, 13,  4,  4,  4,  4,  8,  4,  2,  4,  8,  8,
         4, 11,  9, 13,  9,  4,  9, 11,  2,  4,  3,  2,  2,  4,  4,  1,  4,  4,
         4,  2,  4,  4,  4, 11,  7,  4,  7,  9,  8, 14,  4,  3])


